1. 17887568658532 : 12160.00
2. 17886710005860 : 7590.00
3. 17886590074980 : 18240.00
4. 17891132932196 : 6050.00
5. 17885984587876 : 9110.00
6. 17887922749540 : 11840.00
7. 17887029985380 : 5770.00
8. 17888774619236 : 5770.00
9. 17882813300836 : 24980.00
10. 17883919286372 : 3040.00
11. 17885938942052 : 15200.00
12. 17886244503652 : 39500.00
13. 17891520905316 : 44080.00
14. 17886301257828 : 0.00
15. 17890700361828 : 4040.00
16. 17890689581156 : 3980.00
17. 17883239055460 : 24980.00
18. 17883944517732 : 4560.00
19. 17885788995684 : 6080.00
20. 17890772942948 : 4860.00
21. 17888179322980 : 0.00
22. 17884100984932 : 21280.00
23. 17885554868324 : 34960.00
24. 17885600579684 : 2430.00
25. 17885579182180 : 5270.00
26. 17885562601572 : 0.00
27. 17885588422756 : 4560.00
28. 17886855200868 : 6060.00
29. 17884539912292 : 18230.00
30. 17884509175908 : 45600.00
31. 17884509798500 : 45590.00
32. 17884565569636 : 39510.00
33. 17884511141988 : 100330.00
34. 17884547416164 : 209780.00
35. 17884514713700 : 45590.00
36. 17883764228196 : 167200.00
37. 17884563865700 : 25840.00
38. 17884550004836 : 212800.00
39. 17884530638948 : 60800.00
40. 17884516024420 : 39510.00
41. 17884568158308 : 66880.00
42. 17884566356068 : 24310.00
43. 17884525690980 : 34960.00
44. 17884560425060 : 60790.00
45. 17889993457764 : 13680.00
46. 17884921069668 : 2740.00
47. 17890712813668 : 0.00
48. 17889116422244 : 9120.00
49. 17891150790756 : 4860.00
50. 17891010052196 : 3650.00
51. 17889302937700 : 6080.00
52. 17892130914404 : 10950.00
53. 17889919238244 : 6990.00
54. 17892147265636 : 14590.00
55. 17891022536804 : 3650.00
56. 17884654895204 : 8510.00
57. 17884657254500 : 8510.00
58. 17889167638628 : 12460.00
59. 17889188708452 : 10940.00
60. 17889141162084 : 10940.00
61. 17889172914276 : 10940.00
62. 17889153122404 : 10940.00
63. 17889160888420 : 12460.00
64. 17884653617252 : 8510.00
65. 17889195229284 : 12460.00
66. 17889168490596 : 10940.00
67. 17884651389028 : 8510.00
68. 17884656336996 : 8510.00
69. 17889184579684 : 10940.00
70. 17889190805604 : 10940.00
71. 17889202405476 : 0.00
72. 17884656894052 : 8510.00
73. 17889031913572 : 10940.00
74. 17889055604836 : 12460.00
75. 17889169244260 : 10940.00
76. 17889201684580 : 10940.00
77. 17889213120612 : 10940.00
78. 17889154596964 : 12460.00
79. 17889147781220 : 10940.00
80. 17884655747172 : 8510.00
81. 17889206501476 : 13680.00
82. 17889205092452 : 10950.00
83. 17889202962532 : 10340.00
84. 17882784432228 : 28060.00
85. 17882781483108 : 36930.00
86. 17882772144228 : 24650.00
87. 17886599217252 : 4240.00
88. 17889109311588 : 15200.00
89. 17889044168804 : 6380.00
90. 17886881087588 : 6060.00
91. 17886892490852 : 1440.00
92. 17890731163748 : 23990.00
93. 17890742665316 : 12160.00
94. 17884172320868 : 9120.00
95. 17883798601828 : 39510.00
96. 17887512658020 : 84050.00
97. 17887416320100 : 75430.00
98. 17884028403812 : 5780.00
99. 17891631038564 : 3460.00
100. 17890765799524 : 13670.00
101. 17890670116964 : 4260.00
102. 17887587598436 : 5170.00
103. 17891429318756 : 7900.00
104. 17884761882724 : 3950.00
105. 17888415055972 : 10940.00
106. 17890131673188 : 27060.00
107. 17886254497892 : 18240.00
108. 17887198117988 : 6080.00
109. 17887210405988 : 9120.00
110. 17890536915044 : 54730.00
111. 17889276690532 : 5780.00
112. 17891183558756 : 7900.00
113. 17888427343972 : 4560.00
114. 17892030709860 : 5320.00
115. 17892053942372 : 16710.00
116. 17891971137636 : 15190.00
117. 17884940042340 : 2430.00
118. 17890952347748 : 19140.00
119. 17890917285988 : 13670.00
120. 17884855271524 : 4780.00
121. 17887630688356 : 8210.00
122. 17890357149796 : 30390.00
123. 17890326773860 : 15190.00
124. 17890119450724 : 12160.00
125. 17890201174116 : 13680.00
126. 17889663746148 : 15200.00
127. 17890301608036 : 18240.00
128. 17883363770468 : 8830.00
129. 17883344568420 : 7670.00
130. 17891441082468 : 14990.00
131. 17882583040100 : 3770.00
132. 17891397206116 : 3340.00
133. 17882978975844 : 8650.00
134. 17882984874084 : 10770.00
135. 17882887290980 : 8840.00
136. 17882873856100 : 8800.00
137. 17882899284068 : 8800.00
138. 17882948927588 : 9600.00
139. 17883751383140 : 4610.00
140. 17891986276452 : 7590.00
141. 17888817741924 : 8610.00
142. 17883589509220 : 12670.00
143. 17884488269924 : 7590.00
144. 17886274453604 : 10940.00
145. 17885993828452 : 6990.00
146. 17886056448100 : 5770.00
147. 17884197814372 : 39520.00
148. 17883533312100 : 13440.00
149. 17883895267428 : 6080.00
150. 17883923841124 : 3040.00
151. 17883981906020 : 0.00
152. 17883876393060 : 4560.00
153. 17883950350436 : 0.00
154. 17883906244708 : 2130.00
155. 17883934687332 : 3040.00
156. 17883858796644 : 4560.00
157. 17883860369508 : 4560.00
158. 17883879407716 : 3340.00
159. 17883899166820 : 3040.00
160. 17883883208804 : 3040.00
161. 17883963523172 : 3340.00
162. 17883996455012 : 6080.00
163. 17883928789092 : 3340.00
164. 17883990130788 : 12160.00
165. 17883978596452 : 12160.00
166. 17889733673060 : 0.00
167. 17891695951972 : 8210.00
168. 17884061040740 : 212520.00
169. 17883998716004 : 182110.00
170. 17884334194788 : 106110.00
171. 17884064022628 : 121310.00
172. 17884094070884 : 90900.00
173. 17884046098532 : 151710.00
174. 17884068773988 : 39220.00
175. 17884081520740 : 33140.00
176. 17884049375332 : 212520.00
177. 17884274884708 : 106110.00
178. 17884096135268 : 51380.00
179. 17884055437412 : 182110.00
180. 17884053569636 : 45300.00
181. 17883997110372 : 4540.00
182. 17882417201252 : 8840.00
183. 17887180226660 : 7900.00
184. 17887340068964 : 30400.00
185. 17889764966500 : 17940.00
186. 17889959772260 : 8210.00
187. 17885660610660 : 42560.00
188. 17885659463780 : 19630.00
189. 17890706686052 : 23700.00
190. 17891853828196 : 0.00
191. 17886152392804 : 10030.00
192. 17886513365092 : 24330.00
193. 17886507532388 : 16410.00
194. 17886566285412 : 24310.00
195. 17886553473124 : 30440.00
196. 17886538661988 : 15200.00
197. 17884891807844 : 3040.00
198. 17884748054628 : 7300.00
199. 17884748677220 : 7300.00
200. 17884756934756 : 6690.00
201. 17884745793636 : 9730.00
202. 17884750970980 : 8830.00
203. 17884752478308 : 8820.00
204. 17885631873124 : 13690.00
205. 17885646553188 : 12160.00
206. 17885635379300 : 7300.00
207. 17885642358884 : 8820.00
208. 17885638525028 : 29800.00
209. 17890230992996 : 11870.00
210. 17884188213348 : 4860.00
211. 17883814887524 : 121610.00
212. 17883793916004 : 39510.00
213. 17884810870884 : 2450.00
214. 17890563260516 : 18240.00
215. 17883729985636 : 5770.00
216. 17883622211684 : 4610.00
217. 17890147598436 : 48650.00
218. 17882721321060 : 26920.00
219. 17888314687588 : 7590.00
220. 17883259928676 : 9990.00
221. 17883303968868 : 49990.00
222. 17888278282340 : 6690.00
223. 17887757664356 : 6080.00
224. 17888272416868 : 4860.00
225. 17887955910756 : 15190.00
226. 17890649473124 : 6690.00
227. 17886526832740 : 8770.00
228. 17887495520356 : 61720.00
229. 17887526355044 : 60810.00
230. 17886033838180 : 7600.00
231. 17891922313316 : 18240.00
232. 17889475002468 : 15200.00
233. 17886701584484 : 8510.00
234. 17890881896548 : 2940.00
235. 17883534229604 : 13440.00
236. 17886810931300 : 8210.00
237. 17887161647204 : 6080.00
238. 17883593375844 : 14210.00
239. 17886808735844 : 4410.00
240. 17886800314468 : 8940.00
241. 17889671741540 : 15170.00
242. 17891361063012 : 49790.00
243. 17891370991716 : 51610.00
244. 17891386884196 : 27270.00
245. 17889746124900 : 12160.00
246. 17883338145892 : 13070.00
247. 17883320385636 : 11140.00
248. 17883326939236 : 10750.00
249. 17883624079460 : 5380.00
250. 17883701379172 : 6540.00
251. 17883738374244 : 5770.00
252. 17883724906596 : 6540.00
253. 17891100557412 : 5770.00
254. 17882505085028 : 8840.00
255. 17882661453924 : 7690.00
256. 17882445971556 : 8460.00
257. 17882599096420 : 11150.00
258. 17883582759012 : 21130.00
259. 17883549204580 : 10370.00
260. 17891313483876 : 10940.00
261. 17889681277028 : 12160.00
262. 17884305064036 : 121310.00
263. 17884311289956 : 121310.00
264. 17884556296292 : 121610.00
265. 17884117303396 : 69920.00
266. 17884250800228 : 30400.00
267. 17884125855844 : 30400.00
268. 17882565148772 : 10770.00
269. 17887320768612 : 24320.00
270. 17887399510116 : 21940.00
271. 17887406850148 : 31880.00
272. 17884974678116 : 7900.00
273. 17884960751716 : 8510.00
274. 17884967403620 : 7600.00
275. 17884948201572 : 2280.00
276. 17884977430628 : 5770.00
277. 17884946530404 : 6990.00
278. 17884987424868 : 10640.00
279. 17884977102948 : 7900.00
280. 17884986146916 : 10640.00
281. 17887351144548 : 36480.00
282. 17887462752356 : 18240.00
283. 17887343181924 : 18240.00
284. 17884521693284 : 395230.00
285. 17887667257444 : 4130.00
286. 17886058578020 : 19760.00
287. 17886076076132 : 16110.00
288. 17886119723108 : 50160.00
289. 17887574589540 : 2280.00
290. 17883713962084 : 5000.00
291. 17883739881572 : 5770.00
292. 17883691778148 : 5770.00
293. 17883745812580 : 7690.00
294. 17889985986660 : 10940.00
295. 17890034647140 : 10940.00
296. 17889323679844 : 8800.00
297. 17885776412772 : 21280.00
298. 17882683441252 : 10380.00
299. 17882622918756 : 9610.00
300. 17883888582756 : 3040.00
301. 17883974795364 : 4560.00
302. 17883632238692 : 3810.00
303. 17883640397924 : 12390.00
304. 17887041552484 : 6380.00
305. 17887074910308 : 6690.00
306. 17887240912996 : 6690.00
307. 17883072856164 : 7690.00
308. 17890013806692 : 12160.00
309. 17883299086436 : 49780.00
310. 17883167228004 : 46060.00
311. 17883142094948 : 22990.00
312. 17883128692836 : 24950.00
313. 17883191345252 : 20940.00
314. 17883172077668 : 46110.00
315. 17886063984740 : 30380.00
316. 17886495015012 : 11240.00
317. 17882592477284 : 7920.00
318. 17890858238052 : 11250.00
319. 17890939043940 : 10640.00
320. 17890797256804 : 7600.00
321. 17882581434468 : 8070.00
322. 17882539622500 : 9230.00
323. 17885906534500 : 7900.00
324. 17888848576612 : 6380.00
325. 17891754606692 : 16420.00
326. 17888681787492 : 10640.00
327. 17891884859492 : 6380.00
328. 17886752768100 : 6960.00
329. 17886788321380 : 11840.00
330. 17886742249572 : 11840.00
331. 17882769588324 : 5770.00
332. 17887061442660 : 10940.00
333. 17888868663396 : 0.00
334. 17885795483748 : 11850.00
335. 17884253749348 : 24320.00
336. 17884031647844 : 12160.00
337. 17883503624292 : 13440.00
338. 17885896867940 : 6690.00
339. 17890174697572 : 30400.00
340. 17889925660772 : 18240.00
341. 17891205415012 : 13980.00
342. 17889732362340 : 60810.00
343. 17889716994148 : 14900.00
344. 17889165508708 : 12160.00
345. 17889130479716 : 15200.00
346. 17886468866148 : 21280.00
347. 17888228376676 : 13870.00
348. 17888247021668 : 10630.00
349. 17886009000036 : 6690.00
350. 17886026661988 : 19750.00
351. 17885988978788 : 9880.00
352. 17887303008356 : 42560.00
353. 17887371690084 : 121620.00
354. 17887453118564 : 152020.00
355. 17890676146276 : 6670.00
356. 17890682699876 : 21280.00
357. 17889943748708 : 12160.00
358. 17890557788260 : 39520.00
359. 17890610348132 : 27360.00
360. 17891247128676 : 37700.00
361. 17890904211556 : 21270.00
362. 17882480705636 : 9610.00
363. 17889365819492 : 12160.00
364. 17892158406756 : 72500.00
365. 17890624864356 : 5160.00
366. 17883459092580 : 9410.00
367. 17888787595364 : 15200.00
368. 17888804339812 : 5470.00
369. 17888544981092 : 12160.00
370. 17887791513700 : 2670.00
371. 17887164006500 : 5170.00
372. 17891877388388 : 3250.00
373. 17891169370212 : 66890.00
374. 17884780036196 : 3150.00
375. 17884834136164 : 1580.00
376. 17886210785380 : 106400.00
377. 17573243355236 : 25.00
378. 17573243388004 : 24.99
379. 17573243486308 : 24.99
380. 17886994923620 : 7290.00
381. 17887990743140 : 5170.00
382. 17884220129380 : 27360.00
383. 17888528302180 : 7470.00
384. 17883013251172 : 11490.00
385. 17883772092516 : 14590.00
386. 17888565461092 : 15200.00
387. 17882521796708 : 6530.00
388. 17892045717604 : 11550.00
389. 17891086663780 : 8510.00
390. 17891051733092 : 10030.00
391. 17883687878756 : 11530.00
392. 17889651818596 : 11520.00
393. 17889701036132 : 17940.00
394. 17888365314148 : 69930.00
395. 17890290368612 : 13680.00
396. 17884243296356 : 75700.00
397. 17886924439652 : 7900.00
398. 17885739253860 : 7290.00
399. 17884792356964 : 1970.00
400. 17888101859428 : 9120.00
401. 17884932014180 : 3950.00
402. 17884844195940 : 3950.00
403. 17888778059876 : 8050.00
404. 17882965672036 : 7690.00
405. 17882915078244 : 7690.00
406. 17891640344676 : 4550.00
407. 17886846222436 : 6080.00
408. 17885759799396 : 5170.00
409. 17885767106660 : 5170.00
410. 17882666401892 : 3070.00
411. 17885766647908 : 3950.00
412. 17890508111972 : 21280.00
413. 17884270559332 : 5470.00
414. 17890248917092 : 18240.00
415. 17883961655396 : 5170.00
416. 17884913336420 : 4780.00
417. 17884847079524 : 4780.00
418. 17882733510756 : 17690.00
419. 17882722697316 : 23240.00
420. 17882728104036 : 18570.00
421. 17882791182436 : 20760.00
422. 17882762051684 : 13840.00
423. 17882748977252 : 25430.00
424. 17884863955044 : 4630.00
425. 17891545186404 : 7600.00
426. 17891063627876 : 33440.00
427. 17883401060452 : 24230.00
428. 17883413217380 : 10770.00
429. 17883483832420 : 7690.00
430. 17891285106788 : 21830.00
431. 17890105655396 : 18240.00
432. 17886647353444 : 5170.00
433. 17886609997924 : 4560.00
434. 17886651940964 : 4100.00
435. 17886660132964 : 4100.00
436. 17884362408036 : 4560.00
437. 17890963914852 : 4860.00
438. 17890993897572 : 4250.00
439. 17890986360932 : 3950.00
440. 17890748596324 : 7610.00
441. 17883721236580 : 7690.00
442. 17883557396580 : 11520.00
443. 17887301697636 : 26150.00
444. 17887474876516 : 91210.00
445. 17888497959012 : 27060.00
446. 17887599296612 : 6370.00
447. 17887614894180 : 6080.00
448. 17888555073636 : 6080.00
449. 17888588988516 : 6380.00
450. 17891110649956 : 7590.00
451. 17886913986660 : 3650.00
452. 17886928633956 : 3040.00
453. 17884533096548 : 167200.00
454. 17891274063972 : 18240.00
455. 17883761213540 : 7690.00
456. 17891439640676 : 6380.00
457. 17891462971492 : 5470.00
458. 17889122615396 : 7610.00
459. 17889097056356 : 5170.00
460. 17889108623460 : 5170.00
461. 17891571695716 : 17020.00
462. 17889726562404 : 21280.00
463. 17889705689188 : 24340.00
464. 17887719620708 : 9730.00
465. 17884159967332 : 81780.00
466. 17884289171556 : 121310.00
467. 17884298805348 : 530830.00
468. 17884006744164 : 515630.00
469. 17887146213476 : 6990.00
470. 17888506216548 : 8810.00
471. 17890183348324 : 7290.00
472. 17887378112612 : 0.00
473. 17887358287972 : 41960.00
474. 17891290284132 : 20980.00
475. 17882711588964 : 25000.00
476. 17886640570468 : 0.00
477. 17885851451492 : 15200.00
478. 17889905508452 : 27360.00
479. 17889452687460 : 7900.00
480. 17883649802340 : 4690.00
481. 17890646589540 : 4560.00
482. 17889312079972 : 6370.00
483. 17884647194724 : 8800.00
484. 17884601450596 : 5460.00
485. 17884627468388 : 7590.00
486. 17888976339044 : 5760.00
487. 17888936001636 : 6070.00
488. 17888901431396 : 12130.00
489. 17889385218148 : 7900.00
490. 17883081605220 : 5570.00
491. 17884804251748 : 2890.00
492. 17884812378212 : 5010.00
493. 17884907896932 : 3190.00
494. 17885686530148 : 3820.00
495. 17884934570084 : 1980.00
496. 17887083626596 : 5420.00
497. 17885697605732 : 2640.00
498. 17885696786532 : 2720.00
499. 17885711073380 : 4780.00
500. 17884821422180 : 4780.00
501. 17884912353380 : 4140.00
502. 17884871524452 : 5860.00
503. 17885684170852 : 16720.00
504. 17892011999332 : 4250.00
505. 17883607367780 : 13440.00
506. 17889270235236 : 22190.00
507. 17889434239076 : 22190.00
508. 17883601535076 : 11520.00
509. 17883587543140 : 9600.00
510. 17883489992804 : 11520.00
511. 17883599011940 : 11520.00
512. 17883575156836 : 13440.00
513. 17883569291364 : 13440.00
514. 17883494908004 : 15370.00
515. 17883511947364 : 9600.00
516. 17883590852708 : 13440.00
517. 17885446963300 : 79660.00
518. 17885464756324 : 0.00
519. 17891820470372 : 69920.00
520. 17885450436708 : 5170.00
521. 17887063867492 : 0.00
522. 17890660909156 : 4260.00
523. 17882674397284 : 10380.00
524. 17891340091492 : 8510.00
525. 17885078650980 : 10940.00
526. 17891902816356 : 10940.00
527. 17889409269860 : 11550.00
528. 17885043097700 : 12160.00
529. 17885058728036 : 66890.00
530. 17885055909988 : 9120.00
531. 17885041524836 : 24320.00
532. 17885043720292 : 12160.00
533. 17885073932388 : 0.00
534. 17885048373348 : 9120.00
535. 17885041000548 : 24320.00
536. 17885042081892 : 24320.00
537. 17885046407268 : 12160.00
538. 17885065281636 : 66890.00
539. 17885061480548 : 66890.00
540. 17885051748452 : 9120.00
541. 17885036478564 : 24320.00
542. 17885072916580 : 36480.00
543. 17883283030116 : 15180.00
544. 17892158210148 : 120000.00
545. 17885259595876 : 8510.00
546. 17885279060068 : 15200.00
547. 17885277093988 : 9120.00
548. 17885271359588 : 10340.00
549. 17885256253540 : 15200.00
550. 17887230558308 : 14910.00
551. 17888695451748 : 11250.00
552. 17888640532580 : 8810.00
553. 17888719929444 : 18240.00
554. 17888688144484 : 21280.00
555. 17888706134116 : 13070.00
556. 17884573827172 : 9730.00
557. 17891069722724 : 7800.00
558. 17888751091812 : 10030.00
559. 17888519716964 : 4800.00
560. 17888825901156 : 8450.00
561. 17888580468836 : 14900.00
562. 17883067482212 : 6920.00
563. 17883048771684 : 4480.00
564. 17889049280612 : 6080.00
565. 17883268841572 : 7690.00
566. 17891256467556 : 31620.00
567. 17891261546596 : 26750.00
568. 17891049832548 : 97290.00
569. 17887829065828 : 32450.00
570. 17891838558308 : 36480.00
571. 17891162882148 : 36480.00
572. 17888085934180 : 13670.00
573. 17887742394468 : 8780.00
574. 17887681151076 : 6990.00
575. 17887734235236 : 17050.00
576. 17890542452836 : 28890.00
577. 17890593308772 : 31930.00
578. 17891323248740 : 10920.00
579. 17887644778596 : 12160.00
580. 17886605246564 : 9730.00
581. 17891090890852 : 9110.00
582. 17882494206052 : 10770.00
583. 17892078387300 : 42560.00
584. 17892083138660 : 0.00
585. 17891148005476 : 21270.00
586. 17883629355108 : 4690.00
587. 17883354857572 : 16530.00
588. 17886303486052 : 4250.00
589. 17891761619044 : 0.00
590. 17889653489764 : 0.00
591. 17889631469668 : 18240.00
592. 17889632714852 : 20670.00
593. 17889643462756 : 24320.00
594. 17889604796516 : 24320.00
595. 17892018061412 : 0.00
596. 17885545136228 : 243210.00
597. 17884485288036 : 18230.00
598. 17884502720612 : 30390.00
599. 17885524295780 : 21270.00
600. 17885549559908 : 60790.00
601. 17884504719460 : 9110.00
602. 17885205889124 : 6980.00
603. 17885207527524 : 7590.00
604. 17884484501604 : 6070.00
605. 17885528064100 : 22190.00
606. 17884484010084 : 115530.00
607. 17885548413028 : 103350.00
608. 17885205397604 : 4860.00
609. 17884482732132 : 6080.00
610. 17884486533220 : 6070.00
611. 17884505964644 : 4850.00
612. 17885203562596 : 4850.00
613. 17884482044004 : 17620.00
614. 17885195796580 : 4550.00
615. 17885207724132 : 4550.00
616. 17885200220260 : 4550.00
617. 17885192781924 : 3630.00
618. 17884496101476 : 9710.00
619. 17884505014372 : 15190.00
620. 17884480372836 : 11790.00
621. 17885525966948 : 7890.00
622. 17888733626468 : 21710.00
623. 17882614857828 : 5380.00
624. 17882441318500 : 10770.00
625. 17886104649828 : 41430.00
626. 17886137647204 : 51970.00
627. 17882689568868 : 17290.00
628. 17885418750052 : 69620.00
629. 17886100160612 : 33570.00
630. 17885380116580 : 30400.00
631. 17886283104356 : 43480.00
632. 17886285725796 : 19100.00
633. 17885371039844 : 8620.00
634. 17885406068836 : 36430.00
635. 17886111367268 : 86650.00
636. 17885390798948 : 16420.00
637. 17882684981348 : 53980.00
638. 17885943627876 : 43480.00
639. 17886122180708 : 10640.00
640. 17882702053476 : 30760.00
641. 17887098798180 : 9100.00
642. 17882425753700 : 6920.00
643. 17891218423908 : 8810.00
644. 17892060364900 : 9420.00
645. 17884774269028 : 6380.00
646. 17882464616548 : 9190.00
647. 17883084259428 : 5570.00
648. 17889340129380 : 12160.00
649. 17890619228260 : 45600.00
650. 17889445871716 : 15030.00
651. 17889311293540 : 13680.00
652. 17889581793380 : 12060.00
653. 17883805122660 : 42560.00
654. 17887154372708 : 3040.00
655. 17889502691428 : 20330.00
656. 17889493155940 : 13380.00
657. 17888647544932 : 15200.00
658. 17891504652388 : 25830.00
659. 17891486072932 : 33430.00
660. 17889217642596 : 11380.00
661. 17885755244644 : 16720.00
662. 17882475855972 : 21530.00
663. 17882550665316 : 15380.00
664. 17882654441572 : 10770.00
665. 17882546569316 : 15380.00
666. 17882515341412 : 23070.00
667. 17886084857956 : 27360.00
668. 17882826866788 : 57140.00
669. 17890967355492 : 7600.00
670. 17889086734436 : 3950.00
671. 17886983225444 : 6990.00
672. 17887129862244 : 4560.00
673. 17887896698980 : 3950.00
674. 17887933005924 : 4860.00
675. 17888134955108 : 0.00
676. 17890469642340 : 9730.00
677. 17890479046756 : 24310.00
678. 17890376646756 : 16750.00
679. 17892103389284 : 69630.00
680. 17887084216420 : 12160.00
681. 17891626025060 : 13980.00
682. 17889863663716 : 6900.00
683. 17889071202404 : 0.00
684. 17884256567396 : 12160.00
685. 17883105329252 : 5720.00
686. 17884263743588 : 13680.00
687. 17885424320612 : 45590.00
688. 17885421502564 : 30400.00
689. 17885433397348 : 51670.00
690. 17885425238116 : 30390.00
691. 17885430382692 : 60790.00
692. 17888791527524 : 9120.00
693. 17888765739108 : 30400.00
694. 17887429623908 : 7900.00
695. 17886457331812 : 0.00
696. 17886430920804 : 26750.00
697. 17886430593124 : 11860.00
698. 17886435278948 : 26450.00
699. 17883307802724 : 6150.00
700. 17883694301284 : 4610.00
701. 17883612741732 : 3840.00
702. 17883732607076 : 5770.00
703. 17886945771620 : 4560.00
704. 17886325407844 : 10940.00
705. 17885810851940 : 8510.00
706. 17885225615460 : 32840.00
707. 17885243932772 : 38000.00
708. 17885215719524 : 30400.00
709. 17885209428068 : 0.00
710. 17885254975588 : 32300.00
711. 17885210640484 : 38000.00
712. 17885210476644 : 25840.00
713. 17885247144036 : 60810.00
714. 17885961453668 : 30100.00
715. 17885251043428 : 10640.00
716. 17885223354468 : 48000.00
717. 17884039282788 : 3120.00
718. 17883808825444 : 76000.00
719. 17886477058148 : 17020.00
720. 17884898328676 : 4250.00
721. 17888372195428 : 8510.00
722. 17888386711652 : 7510.00
723. 17888430063716 : 11260.00
724. 17886360666212 : 54550.00
725. 17890842771556 : 14000.00
726. 17886047207524 : 16720.00
727. 17885971775588 : 0.00
728. 17886007459940 : 13680.00
729. 17885508829284 : 4560.00
730. 17885483401316 : 7900.00
731. 17885495427172 : 5470.00
732. 17885522755684 : 5470.00
733. 17885480124516 : 6040.00
734. 17885671555172 : 12160.00
735. 17885667852388 : 11550.00
736. 17885674963044 : 11550.00
737. 17885663756388 : 12160.00
738. 17885071900772 : 36480.00
739. 17885041950820 : 24320.00
740. 17885673947236 : 13990.00
741. 17885054730340 : 9120.00
742. 17885031202916 : 24320.00
743. 17885038805092 : 24320.00
744. 17885046997092 : 9120.00
745. 17889951580260 : 10950.00
746. 17886417911908 : 118280.00
747. 17886389076068 : 47850.00
748. 17886377017444 : 72670.00
749. 17891528605796 : 10640.00
750. 17882924777572 : 4610.00
751. 17884893675620 : 2990.00
752. 17883799912548 : 72830.00
753. 17885354786916 : 21270.00
754. 17885343285348 : 6080.00
755. 17885343613028 : 24200.00
756. 17885345120356 : 13380.00
757. 17885369106532 : 21280.00
758. 17885352231012 : 15200.00
759. 17885825040484 : 4250.00
760. 17885836116068 : 6690.00
761. 17883374420068 : 11150.00
762. 17888491929700 : 39520.00
763. 17885109518436 : 45600.00
764. 17884352249956 : 4860.00
765. 17884418637924 : 12160.00
766. 17884478799972 : 9120.00
767. 17887693635684 : 4560.00
768. 17888010207332 : 12160.00
769. 17884469559396 : 4560.00
770. 17888159858788 : 15190.00
771. 17888072007780 : 4250.00
772. 17886966874212 : 1820.00
773. 17884387442788 : 2740.00
774. 17884463923300 : 3040.00
775. 17884400189540 : 3950.00
776. 17884375253092 : 3650.00
777. 17884391473252 : 6080.00
778. 17884358606948 : 4120.00
779. 17884428238948 : 4550.00
780. 17884385706084 : 2520.00
781. 17884392128612 : 6080.00
782. 17884438921316 : 4560.00
783. 17884369223780 : 3950.00
784. 17884451471460 : 9120.00
785. 17884337504356 : 30400.00
786. 17884344877156 : 53200.00
787. 17888050544740 : 6380.00
788. 17889457012836 : 7570.00
789. 17885342793828 : 5620.00
790. 17885340336228 : 6080.00
791. 17885337256036 : 4260.00
792. 17885328867428 : 5930.00
793. 17885318545508 : 6690.00
794. 17888395886692 : 3650.00
795. 17891078701156 : 6080.00
796. 17882804355172 : 10380.00
797. 17891481190500 : 6380.00
798. 17890268282980 : 18540.00
799. 17883781103716 : 82070.00
800. 17886864506980 : 5470.00
801. 17891522216036 : 5170.00
802. 17888480821348 : 15200.00
803. 17885956079716 : 12750.00
804. 17885923704932 : 15510.00
805. 17885948772452 : 0.00
806. 17883516534884 : 13440.00
807. 17886164287588 : 0.00
808. 17883500216420 : 13440.00
809. 17890488385636 : 27360.00
810. 17889827586148 : 16720.00
811. 17891501375588 : 20060.00
812. 17884607283300 : 11240.00
813. 17884596338788 : 0.00
814. 17884593520740 : 8200.00
815. 17888896254052 : 5460.00
816. 17888257802340 : 13390.00
817. 17882996473956 : 30750.00
818. 17884944892004 : 1390.00
819. 17882778763364 : 18190.00
820. 17886888394852 : 4800.00
821. 17890390147172 : 9120.00
822. 17883466137700 : 11150.00
823. 17882821394532 : 34610.00
824. 17886289952868 : 11250.00
825. 17887267389540 : 6690.00
826. 17887286722660 : 18230.00
827. 17891964780644 : 7590.00
828. 17892154409060 : 8510.00
829. 17887251726436 : 5770.00
830. 17889230782564 : 10640.00
831. 17883429535844 : 17290.00
832. 17885882318948 : 12770.00
833. 17885868425316 : 7270.00
834. 17891119038564 : 8210.00
835. 17882794328164 : 28330.00
836. 17884167667812 : 3040.00
837. 17890438086756 : 66590.00
838. 17889700249700 : 17940.00
839. 17889622491236 : 17940.00
840. 17883058339940 : 4880.00
841. 17888308428900 : 15200.00
842. 17888039436388 : 18240.00
843. 17882604929124 : 10000.00
844. 17891721707620 : 13070.00
845. 17891769909348 : 16110.00
846. 17890359181412 : 9740.00
847. 17885188882532 : 4860.00
848. 17885180788836 : 0.00
849. 17885183672420 : 106410.00
850. 17885189963876 : 531740.00
851. 17885187768420 : 53810.00
852. 17885180100708 : 32290.00
853. 17885184786532 : 48500.00
854. 17885191700580 : 65920.00
855. 17892154900580 : 100000.00
856. 17884209283172 : 60500.00
857. 17884137291876 : 15200.00
858. 17884137914468 : 12160.00
859. 17884142272612 : 15200.00
860. 17884201386084 : 60500.00
861. 17884204335204 : 54720.00
862. 17884146630756 : 60500.00
863. 17884152168548 : 75700.00
864. 17884190507108 : 30400.00
865. 17885865771108 : 6990.00
866. 17884629925988 : 3330.00
867. 17885717168228 : 14290.00
868. 17888172114020 : 10940.00
869. 17885153067108 : 0.00
870. 17885172301924 : 35480.00
871. 17885157228644 : 4560.00
872. 17885158703204 : 9880.00
873. 17885152444516 : 10950.00
874. 17885160964196 : 0.00
875. 17885154181220 : 14290.00
876. 17886908448868 : 6080.00
877. 17890091237476 : 21280.00
878. 17891703357540 : 13490.00
879. 17884584247396 : 4250.00
880. 17884624748644 : 9110.00
881. 17888915751012 : 3890.00
882. 17884589785188 : 6380.00
883. 17884618784868 : 7290.00
884. 17886157635684 : 60810.00
885. 17891582836836 : 17630.00
886. 17890787623012 : 13500.00
887. 17886346117220 : 138650.00
888. 17890873376868 : 19760.00
889. 17886344314980 : 20670.00
890. 17890926231652 : 13450.00
891. 17891610165348 : 44750.00
892. 17890821177444 : 17110.00
893. 17891221569636 : 21270.00
894. 17891725344868 : 0.00
895. 17891939188836 : 11550.00
896. 17889567932516 : 15200.00
897. 17888543965284 : 0.00
898. 17890726871140 : 4560.00
899. 17886633066596 : 0.00
900. 17885083926628 : 22800.00
901. 17883383431268 : 15380.00
902. 17888024297572 : 30400.00
903. 17883545665636 : 13440.00
904. 17886834622564 : 7860.00
905. 17891418243172 : 8810.00
906. 17888198721636 : 30400.00
907. 17888215793764 : 15200.00
908. 17891789209700 : 27360.00
909. 17890077605988 : 6990.00
910. 17885765304420 : 6980.00
911. 17890582888548 : 60810.00
912. 17891412541540 : 3950.00
913. 17887809339492 : 14290.00
914. 17887259394148 : 6080.00
915. 17887704809572 : 6070.00
916. 17886258856036 : 9120.00
917. 17883276410980 : 9980.00
918. 17891540926564 : 68410.00
919. 17885727424612 : 18230.00
920. 17884133064804 : 90300.00
921. 17886281433188 : 36470.00
922. 17887651332196 : 2730.00
923. 17886475681892 : 18240.00
924. 17884295626852 : 30400.00
925. 17884269609060 : 9730.00
926. 17884325380196 : 60500.00
927. 17884331606116 : 75700.00
928. 17891236479076 : 9670.00
929. 17889547288676 : 12160.00
930. 17884025487460 : 303420.00
931. 17884019392612 : 211910.00
932. 17884027486308 : 303420.00
933. 17887109578852 : 4100.00
934. 17889880309860 : 8810.00
935. 17890430910564 : 16110.00
936. 17884284649572 : 60500.00
937. 17884247654500 : 60500.00
938. 17887863177316 : 6380.00
939. 17882484441188 : 10370.00
940. 17883538391140 : 17290.00
941. 17883508670564 : 10750.00
942. 17883561492580 : 17290.00
943. 17884559343716 : 28880.00
944. 17884565373028 : 66880.00
945. 17884797894756 : 7340.00
946. 17889030733924 : 5770.00
947. 17887803637860 : 10600.00
948. 17887848071268 : 8720.00
949. 17887780143204 : 13870.00
950. 17887844302948 : 18590.00
951. 17884730425444 : 2740.00
952. 17884238413924 : 54720.00
953. 17886681825380 : 9110.00
954. 17886718460004 : 0.00
955. 17885860659300 : 5640.00
956. 17892093427812 : 45580.00
957. 17887175082084 : 3940.00
958. 17887122391140 : 7600.00
959. 17891333734500 : 13680.00
960. 17883404894308 : 11530.00
961. 17883381694564 : 11530.00
962. 17883671461988 : 11530.00
963. 17883675885668 : 11530.00
964. 17883683324004 : 11920.00
965. 17892007116900 : 2400.00
966. 17884106883172 : 26450.00
967. 17890063056996 : 9110.00
968. 17889594605668 : 11220.00
969. 17884011266148 : 211910.00
970. 17890366849124 : 24320.00
971. 17889796227172 : 38460.00
972. 17891954262116 : 0.00
973. 17889851670628 : 17820.00
974. 17889840529508 : 11430.00
975. 17890163785828 : 15020.00
976. 17890217361508 : 15020.00
977. 17889808744548 : 21970.00
978. 17883661729892 : 8080.00
979. 17883664810084 : 8080.00
980. 17883657699428 : 7690.00
981. 17883767406692 : 6080.00
982. 17883655503972 : 11350.00
983. 17883399356516 : 21150.00
984. 17883447918692 : 14230.00
985. 17883452637284 : 14980.00
986. 17883423965284 : 11520.00
987. 17883474559076 : 13440.00
988. 17883389034596 : 14230.00
989. 17883415314532 : 14180.00
990. 17887763300452 : 4560.00
991. 17890515583076 : 42260.00
992. 17890577547364 : 39220.00
993. 17885007708260 : 39220.00
994. 17885015834724 : 20980.00
995. 17884996632676 : 51380.00
996. 17890452439140 : 51380.00
997. 17885027041380 : 30100.00
998. 17884991586404 : 51380.00
999. 17890532425828 : 20980.00
1000. 17890603434084 : 30100.00
1001. 17890406269028 : 30100.00
1002. 17891471818852 : 4860.00
1003. 17883033469028 : 5380.00
1004. 17886671863908 : 5170.00
1005. 17886693163108 : 5780.00
1006. 17883346796644 : 13440.00
1007. 17890338603108 : 12160.00
1008. 17882854916196 : 5750.00
1009. 17882848034916 : 6920.00
1010. 17882835779684 : 6720.00
1011. 17882860159076 : 5570.00
1012. 17882827096164 : 6920.00
1013. 17883018362980 : 3070.00
1014. 17883088912484 : 7690.00
1015. 17885298819172 : 5470.00
1016. 17885300588644 : 5470.00
1017. 17885314580580 : 5470.00
1018. 17885288169572 : 5470.00
1019. 17885303439460 : 0.00
1020. 17883968569444 : 3040.00
1021. 17883954217060 : 3040.00
1022. 17884837609572 : 1820.00
1023. 17889773944932 : 12770.00
1024. 17888121323620 : 10640.00
1025. 17887275516004 : 4860.00
1026. 17889251950692 : 3920.00
1027. 17888761938020 : 10490.00
1028. 17883434877028 : 12700.00
1029. 17883627323492 : 11230.00
1030. 17890040578148 : 18240.00
1031. 17888671301732 : 10030.00
1032. 17884538404964 : 68410.00
1033. 17884537192548 : 56230.00
1034. 17890426650724 : 24320.00
1035. 17886764531812 : 9120.00
1036. 17882636550244 : 11530.00
1037. 17892112072804 : 150510.00
1038. 17889226096740 : 12150.00
1039. 17883946614884 : 3650.00
1040. 17883913453668 : 3650.00
1041. 17884902359140 : 4260.00
1042. 17887550570596 : 2730.00
1043. 17891448127588 : 2940.00
1044. 17888996655204 : 13980.00
1045. 17884739928164 : 3650.00
1046. 17885610508388 : 11430.00
1047. 17885603954788 : 3950.00
1048. 17884696543332 : 12160.00
1049. 17884734586980 : 6080.00
1050. 17884682846308 : 9120.00
1051. 17885629677668 : 4560.00
1052. 17884690448484 : 4560.00
1053. 17885618995300 : 3950.00
1054. 17884669345892 : 1520.00
1055. 17884687695972 : 1820.00
1056. 17884678914148 : 4560.00
1057. 17884666101860 : 3950.00
1058. 17884727967844 : 6080.00
1059. 17884712861796 : 6080.00
1060. 17884725149796 : 3950.00
1061. 17885625352292 : 4560.00
1062. 17884675375204 : 1820.00
1063. 17884743762020 : 10640.00
1064. 17884714696804 : 1520.00
1065. 17884708405348 : 1520.00
1066. 17884715516004 : 2740.00
1067. 17884702113892 : 2130.00
1068. 17884697100388 : 3040.00
1069. 17884698345572 : 2740.00
1070. 17884706406500 : 6990.00
1071. 17884731408484 : 6080.00
1072. 17891905568868 : 8810.00
1073. 17883004141668 : 7690.00
1074. 17888326647908 : 6670.00
1075. 17888266125412 : 4850.00
1076. 17888300597348 : 7590.00
1077. 17888447692900 : 9110.00
1078. 17888355745892 : 10640.00
1079. 17888475742308 : 7590.00
1080. 17891192602724 : 4250.00
1081. 17890522169444 : 21280.00
1082. 17883042087012 : 5000.00
1083. 17883098480740 : 6520.00
1084. 17882775552100 : 23070.00
1085. 17888634011748 : 12160.00
1086. 17888618807396 : 9880.00
1087. 17891378888804 : 48650.00
1088. 17888840679524 : 36480.00
1089. 17884638216292 : 6070.00
1090. 17891737600100 : 34100.00
1091. 17885115744356 : 47520.00
1092. 17885106667620 : 7690.00
1093. 17885096902756 : 22520.00
1094. 17885098508388 : 9090.00
1095. 17885093822564 : 22780.00
1096. 17885089071204 : 41650.00
1097. 17885099950180 : 8890.00
1098. 17885787160676 : 9420.00
1099. 17884873916516 : 4140.00
1100. 17882436010084 : 5770.00
1101. 17883572240484 : 11520.00
1102. 17883525578852 : 13440.00
1103. 17883521450084 : 13440.00
1104. 17884824010852 : 4260.00
1105. 17888604553316 : 4410.00
1106. 17891299688548 : 10340.00
1107. 17887536185444 : 38000.00
1108. 17888957431908 : 7590.00
1109. 17891800481892 : 21280.00
1110. 17891645620324 : 4550.00
1111. 17883028652132 : 6150.00
1112. 17884951052388 : 13680.00
1113. 17890662645860 : 8190.00
1114. 17890629615716 : 8190.00
1115. 17890636922980 : 10640.00
1116. 17891864248420 : 3650.00
1117. 17891352608868 : 81220.00
1118. 17885144580196 : 48640.00
1119. 17885120430180 : 60810.00
1120. 17885132226660 : 76010.00
1121. 17885145432164 : 68410.00
1122. 17885120921700 : 27340.00
1123. 17885145038948 : 27340.00
1124. 17885119217764 : 16940.00
1125. 17885130653796 : 13670.00
1126. 17883830943844 : 3650.00
1127. 17883851784292 : 7000.00
1128. 17883836743780 : 3350.00
1129. 17883825340516 : 3650.00
1130. 17883840544868 : 6990.00
1131. 17883844051044 : 6990.00
1132. 17883856830564 : 6990.00
1133. 17883821932644 : 1820.00
1134. 17891271737444 : 25390.00
1135. 17886178869348 : 10920.00
1136. 17886187094116 : 11830.00
1137. 17886175035492 : 0.00
1138. 17886145151076 : 18210.00
1139. 17886247911524 : 24290.00
1140. 17884129525860 : 69920.00
1141. 17884165963876 : 30400.00
1142. 17882940997732 : 4380.00
1143. 17888292864100 : 8210.00
1144. 17884179333220 : 10940.00
1145. 17884312698980 : 151710.00
1146. 17884316598372 : 106090.00
1147. 17884302803044 : 212520.00
1148. 17892155261028 : 300000.00
1149. 17887019728996 : 7590.00
1150. 17891621732452 : 6070.00
1151. 17889209942116 : 10340.00
1152. 17892156670052 : 110000.00
1153. 17885444309092 : 21270.00
1154. 17885441622116 : 39510.00
1155. 17885433593956 : 72950.00
1156. 17885445718116 : 38000.00
1157. 17885440376932 : 136800.00
1158. 17887155650660 : 9120.00
1159. 17884222095460 : 15200.00
1160. 17884213149796 : 36480.00
1161. 17890976792676 : 9120.00
1162. 17884924608612 : 2130.00
1163. 17884768665700 : 4940.00
1164. 17884858384484 : 6060.00
1165. 17890779201636 : 4230.00
1166. 17882879688804 : 11530.00
1167. 17882891321444 : 11530.00
1168. 17882903412836 : 11530.00
1169. 17888334643300 : 6080.00
1170. 17888653082724 : 21590.00
1171. 17883253375076 : 23060.00
1172. 17883196489828 : 55760.00
1173. 17883289944164 : 21530.00
1174. 17883109720164 : 24990.00
1175. 17883242987620 : 19220.00
1176. 17883231322212 : 18830.00
1177. 17883154874468 : 23060.00
1178. 17883215200356 : 51520.00
1179. 17883122892900 : 18450.00
1180. 17883223851108 : 25370.00
1181. 17883136622692 : 26910.00
1182. 17883182137444 : 11530.00
1183. 17891809591396 : 36340.00
1184. 17885456040036 : 228020.00
1185. 17887908921444 : 16720.00
1186. 17887969542244 : 48650.00
1187. 17887877759076 : 0.00
